ID#	1
Name	Acetic acid
	Data Filename	Area	Height	Found RT	Noise	%RSD (Area)	Conc. (ppm)	m/z
1	175	6134476	691354	2,552	2723,97			117,00>75,10
2	350	16092092	1790555	2,550	2239,53			117,00>75,10
3	700	44238104	4986425	2,536	2485,04			117,00>75,10
4	1400	81570376	3499894	2,543	3624,66			117,00>75,10

ID#	2
Name	Acetic acid, 13C
	Data Filename	Area	Height	Found RT	Noise	%RSD (Area)	Conc. (ppm)	m/z
6	175	91986	7472	2,754	208,15			119,00>75,00
7	350	91986	9212	2,754	221,43			119,00>75,00
8	700	96740	8442	2,753	221,12			119,00>75,00
9	1400	96740	8662	2,752	211,03			119,00>75,00

ID#	14
Name	Pyruvic acid
	Data Filename	Area	Height	Found RT	Noise	%RSD (Area)	Conc. (ppm)	m/z
3	15_62	1952	1856	5,613	1678,43			174,00>74,00
4	31_25	3398	3199	5,614	1583,16			174,00>74,00
5	62_5	6215	6129	5,614	1834,57			174,00>74,00
6	125	11753	11841	5,614	1777,06			174,00>74,00
7	250	24817	24826	5,614	1940,59			174,00>74,00
8	500	52614	54214	5,614	1298,43			174,00>74,00

ID#	15
Name	Pyruvic acid, 13C
	Data Filename	Area	Height	Found RT	Noise	%RSD (Area)	Conc. (ppm)	m/z
3	15_62	945	935	5,611	53,58			177,00>74,00
4	31_25	997	974	5,611	83,93			177,00>74,00
5	62_5	905	876	5,612	124,39			177,00>74,00
6	125	939	884	5,612	126,92			177,00>74,00
7	250	1011	944	5,612	322,30			177,00>74,00
8	500	1217	1160	5,612	364,50			177,00>74,00

ID#	28
Name	Lactic acid
	Data Filename	Area	Height	Found RT	Noise	%RSD (Area)	Conc. (ppm)	m/z
1	1000	567034	556106	7,789	55028,71			261,00>147,00
2	500	270430	266401	7,786	29603,32			261,00>147,00
3	250	130106	127575	7,785	15918,96			261,00>147,00
4	125	65074	65139	7,785	8530,26			261,00>147,00
5	62_5	39015	37329	7,786	4403,90			261,00>147,00
6	31_25	21737	20477	7,785	2400,10			261,00>147,00
7	15_62	15978	15064	7,784	1463,26			261,00>147,00
8	7_81	7978	7397	7,785	1337,87			261,00>147,00

ID#	29
Name	Lactic acid, 13C
	Data Filename	Area	Height	Found RT	Noise	%RSD (Area)	Conc. (ppm)	m/z
1	1000	6008	5737	7,787	7792,38			264,00>147,00
2	500	4214	4150	7,785	7511,07			264,00>147,00
3	250	3582	3253	7,784	6907,26			264,00>147,00
4	125	3280	3155	7,785	6797,68			264,00>147,00
5	62_5	3428	3194	7,785	5755,75			264,00>147,00
6	31_25	3179	2980	7,785	5909,28			264,00>147,00
7	15_62	3882	3779	7,783	6269,93			264,00>147,00
8	7_81	3232	2905	7,784	8166,95			264,00>147,00

ID#	34
Name	L-Alanine
	Data Filename	Area	Height	Found RT	Noise	%RSD (Area)	Conc. (ppm)	m/z
1	1000	2207252	2059792	8,205	2473,41			232,00>147,00
2	500	1203759	1156230	8,203	1453,61			232,00>147,00
3	250	590147	546812	8,201	723,85			232,00>147,00
4	125	290916	276641	8,201	389,18			232,00>147,00
5	62_5	141286	129459	8,201	177,48			232,00>147,00
6	31_25	73345	70092	8,201	147,18			232,00>147,00
7	15_62	38343	34136	8,201	102,63			232,00>147,00
8	7_81	20424	17519	8,201	83,59			232,00>147,00
9	3_90	11573	9072	8,200	65,26			232,00>147,00
10	1_95	6693	5160	8,200	61,01			232,00>147,00
11	0_97	4442	2918	8,200	61,76			232,00>147,00
12	0_48	3417	1973	8,201	74,79			232,00>147,00

ID#	35
Name	L-Alanine, 13C
	Data Filename	Area	Height	Found RT	Noise	%RSD (Area)	Conc. (ppm)	m/z
1	1000	72816	68837	8,203	27,67			235,00>147,00
2	500	67238	61965	8,202	22,16			235,00>147,00
3	250	63243	60302	8,199	20,36			235,00>147,00
4	125	59281	56093	8,200	17,05			235,00>147,00
5	62_5	53357	50958	8,199	18,09			235,00>147,00
6	31_25	53443	51442	8,200	19,78			235,00>147,00
7	15_62	53714	50813	8,199	18,33			235,00>147,00
8	7_81	50753	46551	8,199	19,00			235,00>147,00
9	3_90	51804	49435	8,199	18,41			235,00>147,00
10	1_95	52697	50002	8,198	16,91			235,00>147,00
11	0_97	52693	50549	8,198	15,34			235,00>147,00
12	0_48	54882	53872	8,199	18,24			235,00>147,00

ID#	36
Name	Oxalic acid
	Data Filename	Area	Height	Found RT	Noise	%RSD (Area)	Conc. (ppm)	m/z
1	3_90	4365	4213	8,276	19,94			261,00>147,00
2	7_81	5883	6429	8,277	14,80			261,00>147,00
3	15_62	8031	8438	8,278	20,31			261,00>147,00
4	31_25	14580	17044	8,279	28,53			261,00>147,00
5	62_5	24751	29181	8,279	40,68			261,00>147,00
6	125	49663	58407	8,282	73,52			261,00>147,00
7	250	89001	101733	8,282	156,94			261,00>147,00
8	500	188793	193820	8,285	366,31			261,00>147,00

ID#	37
Name	Oxalic acid, 13C
	Data Filename	Area	Height	Found RT	Noise	%RSD (Area)	Conc. (ppm)	m/z
1	3_90	53698	56999	8,274	47,13			263,00>73,00
2	7_81	58115	59478	8,275	54,53			263,00>73,00
3	15_62	59632	58811	8,275	84,29			263,00>73,00
4	31_25	72011	73134	8,277	113,35			263,00>73,00
5	62_5	72461	70693	8,276	188,13			263,00>73,00
6	125	97886	101123	8,278	184,01			263,00>73,00
7	250	71547	64880	8,277	431,79			263,00>73,00
8	500	95994	78455	8,278	481,51			263,00>73,00

ID#	38
Name	Glycine
	Data Filename	Area	Height	Found RT	Noise	%RSD (Area)	Conc. (ppm)	m/z
1	1000	2593921	2489533	8,421	1030,37			218,00>147,00
2	500	1432022	1410197	8,419	666,41			218,00>147,00
3	250	710278	708765	8,417	369,46			218,00>147,00
4	125	351977	339973	8,416	202,77			218,00>147,00
5	62_5	166357	161832	8,417	124,02			218,00>147,00
6	31_25	84292	79746	8,417	78,80			218,00>147,00
7	15_62	44269	40873	8,416	51,15			218,00>147,00
8	7_81	22500	20747	8,416	43,11			218,00>147,00
9	3_90	11977	11097	8,416	44,03			218,00>147,00
10	1_95	6659	6390	8,417	41,71			218,00>147,00
11	0_97	3861	3522	8,416	52,94			218,00>147,00
12	0_48	2652	2333	8,416	47,29			218,00>147,00

ID#	39
Name	Glycine, 13C
	Data Filename	Area	Height	Found RT	Noise	%RSD (Area)	Conc. (ppm)	m/z
1	1000	175961	161188	8,420	78,59			220,00>147,00
2	500	130568	127789	8,418	64,41			220,00>147,00
3	250	102183	97802	8,416	48,92			220,00>147,00
4	125	85986	81327	8,415	42,83			220,00>147,00
5	62_5	70982	64253	8,416	45,86			220,00>147,00
6	31_25	66202	62880	8,415	49,47			220,00>147,00
7	15_62	66082	63555	8,415	34,16			220,00>147,00
8	7_81	60506	58135	8,415	36,44			220,00>147,00
9	3_90	61046	59151	8,414	46,12			220,00>147,00
10	1_95	61504	56494	8,415	34,50			220,00>147,00
11	0_97	61315	56931	8,415	36,44			220,00>147,00
12	0_48	63826	60126	8,414	44,36			220,00>147,00

ID#	40
Name	3-hydroxybutyric acid
	Data Filename	Area	Height	Found RT	Noise	%RSD (Area)	Conc. (ppm)	m/z
1	3_90	378	291	8,661	12,34			275,00>73,00
2	7_81	729	715	8,663	13,33			275,00>73,00
3	15_62	1438	1411	8,663	15,13			275,00>73,00
4	31_25	3301	3169	8,662	18,26			275,00>73,00
5	62_5	7321	7278	8,662	19,56			275,00>73,00
6	125	17795	17611	8,662	15,21			275,00>73,00
7	250	45055	44657	8,663	26,16			275,00>73,00
8	500	112965	110163	8,665	39,77			275,00>73,00

ID#	41
Name	3-hydroxybutyric acid, 13C
	Data Filename	Area	Height	Found RT	Noise	%RSD (Area)	Conc. (ppm)	m/z
1	3_90	466	411	8,660	11,85			279,00>73,00
2	7_81	528	503	8,661	16,81			279,00>73,00
3	15_62	576	481	8,662	13,46			279,00>73,00
4	31_25	589	572	8,660	13,87			279,00>73,00
5	62_5	779	680	8,660	14,15			279,00>73,00
6	125	857	818	8,661	16,60			279,00>73,00
7	250	1084	980	8,662	15,32			279,00>73,00
8	500	1425	1462	8,664	15,63			279,00>73,00

ID#	45
Name	L-Valine
	Data Filename	Area	Height	Found RT	Noise	%RSD (Area)	Conc. (ppm)	m/z
1	1000	2018922	1698938	9,151	1418,59			260,00>147,00
2	500	1149724	996854	9,149	822,37			260,00>147,00
3	250	566425	527792	9,146	407,52			260,00>147,00
4	125	266588	247148	9,146	196,81			260,00>147,00
5	62_5	127150	119855	9,146	116,76			260,00>147,00
6	31_25	62650	59000	9,145	54,88			260,00>147,00
7	15_62	31775	27945	9,145	38,32			260,00>147,00
8	7_81	15803	13652	9,145	24,40			260,00>147,00
9	3_90	8321	7297	9,144	20,14			260,00>147,00
10	1_95	4539	3978	9,144	18,98			260,00>147,00
11	0_97	2493	2173	9,144	17,83			260,00>147,00
12	0_48	1364	1192	9,144	12,78			260,00>147,00

ID#	46
Name	L-Valine, 13C
	Data Filename	Area	Height	Found RT	Noise	%RSD (Area)	Conc. (ppm)	m/z
1	1000	61740	49621	9,149	195,67			265,00>147,00
2	500	61514	53372	9,147	185,39			265,00>147,00
3	250	59611	57173	9,144	171,67			265,00>147,00
4	125	54363	49001	9,144	177,21			265,00>147,00
5	62_5	49451	46257	9,144	156,88			265,00>147,00
6	31_25	46500	44667	9,144	165,00			265,00>147,00
7	15_62	46416	43065	9,144	161,94			265,00>147,00
8	7_81	41924	38300	9,143	151,47			265,00>147,00
9	3_90	42436	40947	9,142	167,08			265,00>147,00
10	1_95	43067	41627	9,143	167,50			265,00>147,00
11	0_97	43755	42200	9,143	163,53			265,00>147,00
12	0_48	45309	42105	9,142	171,37			265,00>147,00

ID#	51
Name	L-Leucine
	Data Filename	Area	Height	Found RT	Noise	%RSD (Area)	Conc. (ppm)	m/z
1	1000	2075377	1993927	9,450	867007,25			274,00>147,00
2	500	1145766	1172300	9,448	511293,21			274,00>147,00
3	250	542528	501897	9,445	241358,18			274,00>147,00
4	125	265556	246456	9,445	111346,39			274,00>147,00
5	62_5	119150	109729	9,445	52243,46			274,00>147,00
6	31_25	60156	53780	9,445	25741,43			274,00>147,00
7	15_62	31023	28805	9,445	13940,18			274,00>147,00
8	7_81	15713	14614	9,444	6966,00			274,00>147,00
9	3_90	8311	7627	9,444	3568,11			274,00>147,00
10	1_95	4595	4250	9,445	1964,00			274,00>147,00
11	0_97	2562	2274	9,444	1131,77			274,00>147,00
12	0_48	1492	1392	9,444	612,80			274,00>147,00

ID#	52
Name	L-Leucine, 13C
	Data Filename	Area	Height	Found RT	Noise	%RSD (Area)	Conc. (ppm)	m/z
1	1000	62040	57729	9,448	26671,93			280,00>147,00
2	500	60453	55656	9,446	25267,68			280,00>147,00
3	250	56899	54709	9,443	26504,77			280,00>147,00
4	125	53342	52307	9,444	24338,02			280,00>147,00
5	62_5	45853	44599	9,443	21882,38			280,00>147,00
6	31_25	44122	40649	9,443	20263,50			280,00>147,00
7	15_62	45430	44113	9,443	21744,16			280,00>147,00
8	7_81	41235	37554	9,442	19706,34			280,00>147,00
9	3_90	42240	38862	9,442	19263,18			280,00>147,00
10	1_95	43120	40471	9,443	18830,53			280,00>147,00
11	0_97	43998	38659	9,442	19231,43			280,00>147,00
12	0_48	45573	42115	9,442	21422,13			280,00>147,00

ID#	54
Name	Isoleucine
	Data Filename	Area	Height	Found RT	Noise	%RSD (Area)	Conc. (ppm)	m/z
1	1000	1883068	1733968	9,695	1558113,38			274,00>147,00
2	500	1047956	1022574	9,693	902778,63			274,00>147,00
3	250	511929	482699	9,691	405353,22			274,00>147,00
4	125	246204	222672	9,691	196131,32			274,00>147,00
5	62_5	116951	104472	9,691	92040,29			274,00>147,00
6	31_25	58365	51458	9,690	43942,79			274,00>147,00
7	15_62	29781	27859	9,690	24183,57			274,00>147,00
8	7_81	15227	13920	9,690	12274,49			274,00>147,00
9	3_90	7973	7115	9,689	6289,57			274,00>147,00
10	1_95	4333	3912	9,689	3429,66			274,00>147,00
11	0_97	2400	2251	9,689	1771,71			274,00>147,00
12	0_48	1274	1208	9,689	1096,68			274,00>147,00

ID#	55
Name	Isoleucine, 13C
	Data Filename	Area	Height	Found RT	Noise	%RSD (Area)	Conc. (ppm)	m/z
1	1000	58751	53331	9,693	35582,56			280,00>147,00
2	500	57248	50516	9,691	35180,33			280,00>147,00
3	250	54985	52989	9,689	35173,47			280,00>147,00
4	125	51035	48650	9,689	34568,04			280,00>147,00
5	62_5	45898	43743	9,689	30185,13			280,00>147,00
6	31_25	44425	40507	9,688	28202,84			280,00>147,00
7	15_62	44859	43466	9,688	30172,20			280,00>147,00
8	7_81	40981	39393	9,688	26445,29			280,00>147,00
9	3_90	42077	38504	9,688	27432,38			280,00>147,00
10	1_95	42741	37630	9,687	27942,44			280,00>147,00
11	0_97	43302	38445	9,687	27137,49			280,00>147,00
12	0_48	45008	42824	9,688	29349,59			280,00>147,00

ID#	58
Name	GABA
	Data Filename	Area	Height	Found RT	Noise	%RSD (Area)	Conc. (ppm)	m/z
1	1000	1021662	953320	9,961	159,27			274,00>147,00
2	500	573522	576404	9,957	150,75			274,00>147,00
3	250	278704	263190	9,954	133,68			274,00>147,00
4	125	138937	127487	9,954	75,78			274,00>147,00
5	62_5	69479	65896	9,954	58,19			274,00>147,00
6	31_25	33245	30294	9,952	24,77			274,00>147,00
7	15_62	17233	17173	9,953	15,86			274,00>147,00
8	7_81	9104	8847	9,953	17,50			274,00>147,00
9	3_90	4548	4364	9,952	23,17			274,00>147,00
10	1_95	2473	2388	9,953	11,78			274,00>147,00
11	0_97	1421	1185	9,953	15,75			274,00>147,00
12	0_48	689	666	9,953	17,14			274,00>147,00

ID#	59
Name	GABA, d6
	Data Filename	Area	Height	Found RT	Noise	%RSD (Area)	Conc. (ppm)	m/z
1	1000	12627	10739	9,927	24,71			280,00>147,00
2	500	13426	11086	9,925	22,60			280,00>147,00
3	250	13870	12530	9,923	19,15			280,00>147,00
4	125	14221	13061	9,924	19,54			280,00>147,00
5	62_5	13837	12330	9,924	20,83			280,00>147,00
6	31_25	13388	12391	9,923	14,63			280,00>147,00
7	15_62	13721	13261	9,923	17,74			280,00>147,00
8	7_81	13184	12200	9,923	19,28			280,00>147,00
9	3_90	13341	12627	9,922	20,04			280,00>147,00
10	1_95	13563	12358	9,923	19,62			280,00>147,00
11	0_97	13435	12590	9,923	19,84			280,00>147,00
12	0_48	13749	12802	9,922	18,59			280,00>147,00

ID#	60
Name	Succinic acid, 13C
	Data Filename	Area	Height	Found RT	Noise	%RSD (Area)	Conc. (ppm)	m/z
1	1000	9415	9276	9,951	1633,98			293,00>73,00
2	500	8728	8237	9,947	1085,08			293,00>73,00
3	250	7949	7720	9,943	825,63			293,00>73,00
4	125	7496	6955	9,943	703,20			293,00>73,00
5	62_5	7087	6918	9,943	673,32			293,00>73,00
6	31_25	6787	6209	9,942	668,04			293,00>73,00
7	15_62	6792	6362	9,942	703,29			293,00>73,00
8	7_81	6385	5699	9,942	615,88			293,00>73,00
9	3_90	6328	5476	9,941	639,05			293,00>73,00
10	1_95	6342	5735	9,941	623,35			293,00>73,00
11	0_97	6098	5393	9,941	619,01			293,00>73,00
12	0_48	6600	5720	9,941	620,93			293,00>73,00

ID#	61
Name	Succinic acid
	Data Filename	Area	Height	Found RT	Noise	%RSD (Area)	Conc. (ppm)	m/z
1	1000	676249	735440	9,952	31318,76			289,00>73,00
2	500	364707	366050	9,948	20102,03			289,00>73,00
3	250	177516	167494	9,945	10411,83			289,00>73,00
4	125	89086	83197	9,945	5385,55			289,00>73,00
5	62_5	44376	41048	9,945	2762,36			289,00>73,00
6	31_25	22362	21023	9,943	1482,69			289,00>73,00
7	15_62	12135	11463	9,943	821,95			289,00>73,00
8	7_81	6554	6094	9,944	432,19			289,00>73,00
9	3_90	3750	3590	9,943	266,37			289,00>73,00
10	1_95	2578	2351	9,943	170,75			289,00>73,00
11	0_97	1992	1772	9,943	132,25			289,00>73,00
12	0_48	2113	1801	9,943	132,19			289,00>73,00

ID#	63
Name	L-Proline
	Data Filename	Area	Height	Found RT	Noise	%RSD (Area)	Conc. (ppm)	m/z
1	1000	1402279	1312366	10,019	9713,87			258,00>147,00
2	500	733172	678889	10,017	5463,30			258,00>147,00
3	250	302954	273256	10,015	2852,97			258,00>147,00
4	125	122159	113408	10,014	1336,88			258,00>147,00
5	62_5	47378	42685	10,015	738,11			258,00>147,00
6	31_25	21674	20396	10,014	287,20			258,00>147,00
7	15_62	10552	9688	10,013	182,23			258,00>147,00
8	7_81	5301	4824	10,013	86,51			258,00>147,00
9	3_90	3049	2837	10,013	42,48			258,00>147,00
10	1_95	1814	1807	10,013	29,50			258,00>147,00
11	0_97	950	880	10,013	21,95			258,00>147,00
12	0_48	560	484	10,013	21,67			258,00>147,00

ID#	64
Name	L-Proline, 13C
	Data Filename	Area	Height	Found RT	Noise	%RSD (Area)	Conc. (ppm)	m/z
1	1000	43548	38794	10,017	403,82			263,00>147,00
2	500	40076	36761	10,015	240,79			263,00>147,00
3	250	32432	28122	10,012	161,63			263,00>147,00
4	125	25287	22764	10,012	168,89			263,00>147,00
5	62_5	18262	16569	10,013	148,54			263,00>147,00
6	31_25	15880	13810	10,012	172,57			263,00>147,00
7	15_62	15273	13371	10,011	179,72			263,00>147,00
8	7_81	14028	12476	10,011	178,60			263,00>147,00
9	3_90	15808	14738	10,010	177,56			263,00>147,00
10	1_95	17478	15543	10,012	157,43			263,00>147,00
11	0_97	18042	16136	10,011	141,84			263,00>147,00
12	0_48	19361	17086	10,010	167,58			263,00>147,00

ID#	66
Name	Fumaric acid, 13C
	Data Filename	Area	Height	Found RT	Noise	%RSD (Area)	Conc. (ppm)	m/z
1	3_90	5217	4644	10,187	51,11			291,00>73,00
2	7_81	5687	5326	10,188	48,93			291,00>73,00
3	15_62	6129	5497	10,187	53,23			291,00>73,00
4	31_25	6784	6428	10,187	57,46			291,00>73,00
5	62_5	7594	7187	10,187	60,32			291,00>73,00
6	125	8786	9051	10,189	53,59			291,00>73,00
7	250	10460	10137	10,191	50,18			291,00>73,00
8	500	13656	13385	10,193	47,86			291,00>73,00

ID#	67
Name	Fumaric acid
	Data Filename	Area	Height	Found RT	Noise	%RSD (Area)	Conc. (ppm)	m/z
1	3_90	3206	3004	10,189	15,97			287,00>73,00
2	7_81	7008	6640	10,189	15,67			287,00>73,00
3	15_62	15474	14704	10,189	15,45			287,00>73,00
4	31_25	33583	32891	10,189	19,02			287,00>73,00
5	62_5	76231	74361	10,189	39,21			287,00>73,00
6	125	174643	178682	10,190	42,17			287,00>73,00
7	250	435352	448251	10,192	72,86			287,00>73,00
8	500	1075175	1119136	10,194	117,24			287,00>73,00

ID#	78
Name	L-Methionine
	Data Filename	Area	Height	Found RT	Noise	%RSD (Area)	Conc. (ppm)	m/z
1	1000	1945244	1822460	11,383	133,44			292,00>147,00
2	500	1114528	1016865	11,379	84,43			292,00>147,00
3	250	565031	531096	11,377	72,55			292,00>147,00
4	125	275346	257563	11,378	62,41			292,00>147,00
5	62_5	126661	118447	11,377	44,95			292,00>147,00
6	31_25	65135	59044	11,378	44,78			292,00>147,00
7	15_62	33413	30096	11,377	32,99			292,00>147,00
8	7_81	16850	15531	11,376	46,54			292,00>147,00
9	3_90	9080	7789	11,376	43,27			292,00>147,00
10	1_95	4990	4411	11,377	36,23			292,00>147,00
11	0_97	2688	2240	11,376	32,58			292,00>147,00
12	0_48	1704	1264	11,376	44,34			292,00>147,00

ID#	79
Name	L-Methionine, 13C
	Data Filename	Area	Height	Found RT	Noise	%RSD (Area)	Conc. (ppm)	m/z
1	1000	59012	53699	11,381	506,70			297,00>147,00
2	500	56894	53267	11,378	244,05			297,00>147,00
3	250	55904	50663	11,376	171,50			297,00>147,00
4	125	52806	49115	11,376	82,38			297,00>147,00
5	62_5	45492	41782	11,376	52,83			297,00>147,00
6	31_25	45317	40292	11,376	33,21			297,00>147,00
7	15_62	46589	41297	11,376	28,07			297,00>147,00
8	7_81	41427	35092	11,375	27,72			297,00>147,00
9	3_90	41755	37703	11,374	30,99			297,00>147,00
10	1_95	42694	37625	11,375	21,88			297,00>147,00
11	0_97	43123	37456	11,374	27,55			297,00>147,00
12	0_48	43632	38175	11,375	30,80			297,00>147,00

ID#	85
Name	L-Serine
	Data Filename	Area	Height	Found RT	Noise	%RSD (Area)	Conc. (ppm)	m/z
1	1000	970018	943104	11,492	4895,68			362,00>147,00
2	500	526236	501239	11,490	2731,71			362,00>147,00
3	250	247725	225086	11,486	1221,87			362,00>147,00
4	125	118593	101827	11,487	600,90			362,00>147,00
5	62_5	53402	48367	11,488	273,62			362,00>147,00
6	31_25	26825	23842	11,487	144,96			362,00>147,00
7	15_62	15095	13112	11,487	71,08			362,00>147,00
8	7_81	7057	6340	11,485	46,82			362,00>147,00
9	3_90	3741	3651	11,485	29,50			362,00>147,00
10	1_95	2031	1795	11,487	29,21			362,00>147,00
11	0_97	953	930	11,486	14,10			362,00>147,00
12	0_48	555	584	11,485	15,58			362,00>147,00

ID#	86
Name	L-Serine, 13C
	Data Filename	Area	Height	Found RT	Noise	%RSD (Area)	Conc. (ppm)	m/z
1	1000	45656	44285	11,491	225,66			365,00>147,00
2	500	37184	35229	11,489	122,26			365,00>147,00
3	250	30516	28427	11,485	58,73			365,00>147,00
4	125	25861	23339	11,486	62,43			365,00>147,00
5	62_5	21215	19389	11,486	34,17			365,00>147,00
6	31_25	20359	19216	11,485	36,88			365,00>147,00
7	15_62	22040	19597	11,486	42,09			365,00>147,00
8	7_81	18343	17802	11,484	41,72			365,00>147,00
9	3_90	18297	17403	11,484	28,74			365,00>147,00
10	1_95	18646	17439	11,485	37,18			365,00>147,00
11	0_97	16648	15248	11,485	31,03			365,00>147,00
12	0_48	16824	14985	11,485	44,65			365,00>147,00

ID#	92
Name	L-Threonine
	Data Filename	Area	Height	Found RT	Noise	%RSD (Area)	Conc. (ppm)	m/z
1	1000	90011	85357	11,691	224,56			303,00>73,00
2	500	36034	33681	11,688	203,89			303,00>73,00
3	250	15722	13976	11,687	190,37			303,00>73,00
4	125	7777	7312	11,688	138,67			303,00>73,00
5	62_5	3294	3111	11,688	85,28			303,00>73,00
6	31_25	1636	1372	11,688	50,90			303,00>73,00
7	15_62	886	792	11,687	46,27			303,00>73,00
8	7_81	433	402	11,688	20,92			303,00>73,00
9	3_90	259	214	11,689	19,95			303,00>73,00
10	1_95	128	133	11,685	19,97			303,00>73,00
11	0_97	53	58	11,690	21,66			303,00>73,00
12	0_48	108	50	11,686	18,17			303,00>73,00

ID#	93
Name	L-Threonine, 13C
	Data Filename	Area	Height	Found RT	Noise	%RSD (Area)	Conc. (ppm)	m/z
1	1000	5061	4870	11,690	37,88			306,00>73,00
2	500	3366	3004	11,688	30,63			306,00>73,00
3	250	2662	2566	11,686	41,18			306,00>73,00
4	125	2504	2176	11,687	57,47			306,00>73,00
5	62_5	2014	1729	11,687	45,61			306,00>73,00
6	31_25	1916	1640	11,686	57,91			306,00>73,00
7	15_62	2053	1991	11,686	62,45			306,00>73,00
8	7_81	1783	1448	11,686	63,72			306,00>73,00
9	3_90	1848	1579	11,686	54,06			306,00>73,00
10	1_95	1988	1623	11,686	55,66			306,00>73,00
11	0_97	1907	1787	11,686	56,85			306,00>73,00
12	0_48	2073	1878	11,685	68,97			306,00>73,00

ID#	97
Name	L-Phenylalanine
	Data Filename	Area	Height	Found RT	Noise	%RSD (Area)	Conc. (ppm)	m/z
1	1000	1241668	1238493	12,192	102,74			308,00>147,00
2	500	722698	702402	12,187	46,15			308,00>147,00
3	250	364696	324161	12,185	61,67			308,00>147,00
4	125	181196	160866	12,185	74,04			308,00>147,00
5	62_5	84178	77304	12,185	75,67			308,00>147,00
6	31_25	42599	36946	12,183	98,61			308,00>147,00
7	15_62	21573	19750	12,185	47,25			308,00>147,00
8	7_81	10733	9636	12,183	67,53			308,00>147,00
9	3_90	5862	4868	12,183	98,39			308,00>147,00
10	1_95	3100	2690	12,183	95,38			308,00>147,00
11	0_97	1703	1557	12,182	164,14			308,00>147,00
12	0_48	954	885	12,182	175,59			308,00>147,00

ID#	98
Name	L-Phenylalanine, 13C
	Data Filename	Area	Height	Found RT	Noise	%RSD (Area)	Conc. (ppm)	m/z
1	1000	38240	34082	12,190	4472,62			317,00>147,00
2	500	38780	36546	12,186	2665,84			317,00>147,00
3	250	38521	34592	12,183	1182,99			317,00>147,00
4	125	36192	33419	12,182	581,18			317,00>147,00
5	62_5	32119	31467	12,183	308,93			317,00>147,00
6	31_25	31219	28702	12,181	147,95			317,00>147,00
7	15_62	30785	28091	12,182	83,73			317,00>147,00
8	7_81	28098	24489	12,181	55,14			317,00>147,00
9	3_90	28827	24446	12,181	37,03			317,00>147,00
10	1_95	29124	25606	12,181	26,28			317,00>147,00
11	0_97	29264	26265	12,181	20,03			317,00>147,00
12	0_48	30313	27071	12,181	22,50			317,00>147,00

ID#	101
Name	Hippuric acid, 13C
	Data Filename	Area	Height	Found RT	Noise	%RSD (Area)	Conc. (ppm)	m/z
1	3_90	7512	4855	12,286	350,50			111,00>83,00
2	7_81	7944	5234	12,287	366,50			111,00>83,00
3	15_62	8021	5464	12,284	303,20			111,00>83,00
4	31_25	8505	6325	12,282	390,83			111,00>83,00
5	62_5	8860	6916	12,279	392,00			111,00>83,00
6	125	10106	8167	12,278	335,72			111,00>83,00
7	250	8701	6718	12,278	359,73			111,00>83,00
8	500	10175	8156	12,282	394,08			111,00>83,00

ID#	102
Name	Hippuric acid
	Data Filename	Area	Height	Found RT	Noise	%RSD (Area)	Conc. (ppm)	m/z
1	3_90	4573	3063	12,288	667,54			105,00>77,00
2	7_81	9530	6502	12,288	1351,65			105,00>77,00
3	15_62	19282	12970	12,285	2671,96			105,00>77,00
4	31_25	40720	30710	12,283	6179,44			105,00>77,00
5	62_5	83606	64050	12,280	12866,35			105,00>77,00
6	125	199512	159812	12,279	29467,34			105,00>77,00
7	250	354998	284564	12,280	64306,01			105,00>77,00
8	500	799235	704672	12,284	125179,90			105,00>77,00

ID#	112
Name	L-Aspartic acid
	Data Filename	Area	Height	Found RT	Noise	%RSD (Area)	Conc. (ppm)	m/z
1	1000	229749	216100	12,539	98,90			390,00>73,00
2	500	126711	111131	12,537	92,31			390,00>73,00
3	250	62997	58495	12,533	47,16			390,00>73,00
4	125	30026	27095	12,533	22,14			390,00>73,00
5	62_5	13371	12775	12,533	27,03			390,00>73,00
6	31_25	6815	6136	12,533	17,06			390,00>73,00
7	15_62	3245	3048	12,532	23,43			390,00>73,00
8	7_81	1577	1321	12,531	16,88			390,00>73,00
9	3_90	833	793	12,532	19,99			390,00>73,00
10	1_95	414	375	12,531	14,80			390,00>73,00
11	0_97	332	248	12,532	16,15			390,00>73,00
12	0_48	164	106	12,538	19,62			390,00>73,00

ID#	113
Name	L-Aspartic acid, 13C
	Data Filename	Area	Height	Found RT	Noise	%RSD (Area)	Conc. (ppm)	m/z
1	1000	8140	7215	12,538	137,60			394,00>73,00
2	500	7379	6285	12,535	90,22			394,00>73,00
3	250	6747	6247	12,531	62,01			394,00>73,00
4	125	5900	5257	12,531	58,63			394,00>73,00
5	62_5	4945	4397	12,532	32,41			394,00>73,00
6	31_25	4837	4222	12,532	23,75			394,00>73,00
7	15_62	4530	4110	12,531	23,67			394,00>73,00
8	7_81	4044	3546	12,529	21,29			394,00>73,00
9	3_90	4026	3855	12,530	17,60			394,00>73,00
10	1_95	4041	3931	12,530	16,98			394,00>73,00
11	0_97	4052	3591	12,530	18,20			394,00>73,00
12	0_48	4055	3884	12,530	14,05			394,00>73,00

ID#	127
Name	L-Glutamic acid
	Data Filename	Area	Height	Found RT	Noise	%RSD (Area)	Conc. (ppm)	m/z
1	1000	1248915	1127224	13,245	17668,97			272,00>147,00
2	500	758292	666849	13,242	24488,45			272,00>147,00
3	250	396892	368247	13,238	21755,13			272,00>147,00
4	125	196472	182491	13,238	12430,23			272,00>147,00
5	62_5	93166	83378	13,238	5905,91			272,00>147,00
6	31_25	46222	41859	13,238	3669,04			272,00>147,00
7	15_62	23189	20866	13,238	1642,77			272,00>147,00
8	7_81	11393	9954	13,237	843,75			272,00>147,00
9	3_90	5979	5259	13,237	486,42			272,00>147,00
10	1_95	3222	2761	13,237	268,49			272,00>147,00
11	0_97	1709	1675	13,237	146,27			272,00>147,00
12	0_48	1059	834	13,238	72,57			272,00>147,00

ID#	128
Name	L-Glutamic acid, 13C
	Data Filename	Area	Height	Found RT	Noise	%RSD (Area)	Conc. (ppm)	m/z
1	1000	40070	36255	13,243	108,96			277,00>147,00
2	500	42247	36930	13,240	176,22			277,00>147,00
3	250	43486	37411	13,237	219,69			277,00>147,00
4	125	40959	35941	13,237	342,92			277,00>147,00
5	62_5	36339	30981	13,237	263,82			277,00>147,00
6	31_25	34771	30933	13,236	300,18			277,00>147,00
7	15_62	33928	28785	13,237	254,02			277,00>147,00
8	7_81	30977	26649	13,236	300,55			277,00>147,00
9	3_90	30711	27163	13,235	274,00			277,00>147,00
10	1_95	30369	27058	13,235	273,17			277,00>147,00
11	0_97	30322	27212	13,235	352,20			277,00>147,00
12	0_48	31087	26447	13,236	284,95			277,00>147,00

ID#	131
Name	Indole-propionic acid
	Data Filename	Area	Height	Found RT	Noise	%RSD (Area)	Conc. (ppm)	m/z
1	1000	302352	290755	13,463	95,14			246,00>117,00
2	500	307436	285167	13,459	61,76			246,00>117,00
3	250	198911	173946	13,456	42,23			246,00>117,00
4	125	110462	93518	13,456	36,03			246,00>117,00
5	62_5	57084	46489	13,456	26,71			246,00>117,00
6	31_25	29198	26215	13,455	30,03			246,00>117,00
7	15_62	15356	12190	13,457	23,75			246,00>117,00
8	7_81	7885	6155	13,457	19,32			246,00>117,00
9	3_90	4234	3254	13,458	15,66			246,00>117,00
10	1_95	2257	1746	13,457	17,36			246,00>117,00
11	0_97	1223	1055	13,456	20,50			246,00>117,00
12	0_48	806	585	13,456	19,63			246,00>117,00

ID#	132
Name	Indole-propionic acid, d2
	Data Filename	Area	Height	Found RT	Noise	%RSD (Area)	Conc. (ppm)	m/z
1	1000	11587	8478	13,461	306,25			248,00>117,00
2	500	14490	9702	13,455	202,58			248,00>117,00
3	250	13970	8862	13,448	76,89			248,00>117,00
4	125	12566	8470	13,445	53,09			248,00>117,00
5	62_5	10903	8685	13,444	34,50			248,00>117,00
6	31_25	10119	8163	13,444	24,67			248,00>117,00
7	15_62	9981	8137	13,445	25,56			248,00>117,00
8	7_81	9216	7266	13,444	17,16			248,00>117,00
9	3_90	9247	7529	13,445	15,96			248,00>117,00
10	1_95	9168	7173	13,445	17,73			248,00>117,00
11	0_97	9404	7929	13,444	21,31			248,00>117,00
12	0_48	9665	8092	13,445	20,78			248,00>117,00

ID#	135
Name	L-Lysine
	Data Filename	Area	Height	Found RT	Noise	%RSD (Area)	Conc. (ppm)	m/z
1	1000	792787	719517	13,878	162,48			300,00>147,00
2	500	473140	432543	13,874	130,91			300,00>147,00
3	250	246109	216960	13,870	72,19			300,00>147,00
4	125	119046	113127	13,869	55,24			300,00>147,00
5	62_5	57508	52002	13,869	34,79			300,00>147,00
6	31_25	27283	24724	13,869	28,82			300,00>147,00
7	15_62	13319	12258	13,869	23,85			300,00>147,00
8	7_81	6385	5618	13,867	26,43			300,00>147,00
9	3_90	3537	3010	13,868	23,95			300,00>147,00
10	1_95	1860	1748	13,867	21,77			300,00>147,00
11	0_97	904	772	13,866	25,45			300,00>147,00
12	0_48	642	497	13,869	21,14			300,00>147,00

ID#	136
Name	L-Lysine, 13C
	Data Filename	Area	Height	Found RT	Noise	%RSD (Area)	Conc. (ppm)	m/z
1	1000	26774	23827	13,877	420,35			307,00>147,00
2	500	27764	24686	13,872	260,97			307,00>147,00
3	250	27360	25365	13,869	133,76			307,00>147,00
4	125	25644	25060	13,868	70,63			307,00>147,00
5	62_5	23343	21414	13,868	70,39			307,00>147,00
6	31_25	21080	18796	13,867	40,84			307,00>147,00
7	15_62	20391	18620	13,867	32,87			307,00>147,00
8	7_81	17825	14896	13,866	25,87			307,00>147,00
9	3_90	18579	15924	13,867	27,64			307,00>147,00
10	1_95	18436	16692	13,866	24,23			307,00>147,00
11	0_97	17844	16010	13,865	26,78			307,00>147,00
12	0_48	18066	15198	13,866	31,71			307,00>147,00

ID#	154
Name	L-Histidine
	Data Filename	Area	Height	Found RT	Noise	%RSD (Area)	Conc. (ppm)	m/z
1	1000	3596684	2945610	14,991	387,88			196,00>73,00
2	500	2128608	1868939	14,986	246,32			196,00>73,00
3	250	1104409	922194	14,984	151,94			196,00>73,00
4	125	541862	443804	14,981	92,16			196,00>73,00
5	62_5	253068	206284	14,982	60,56			196,00>73,00
6	31_25	118332	92409	14,981	50,88			196,00>73,00
7	15_62	57530	43706	14,982	33,96			196,00>73,00
8	7_81	26506	20472	14,980	30,42			196,00>73,00
9	3_90	13900	10902	14,981	25,65			196,00>73,00
10	1_95	7427	5658	14,981	29,82			196,00>73,00
11	0_97	3842	2888	14,980	32,67			196,00>73,00
12	0_48	2048	1569	14,980	64,00			196,00>73,00

ID#	155
Name	L-Histidine, 13C
	Data Filename	Area	Height	Found RT	Noise	%RSD (Area)	Conc. (ppm)	m/z
1	1000	107570	81033	14,989	4720,07			202,00>73,00
2	500	109201	91266	14,985	4551,61			202,00>73,00
3	250	111630	93222	14,982	4020,31			202,00>73,00
4	125	106295	84335	14,980	2645,84			202,00>73,00
5	62_5	94843	78081	14,981	1989,93			202,00>73,00
6	31_25	85671	64456	14,979	1243,53			202,00>73,00
7	15_62	82792	62745	14,980	1118,40			202,00>73,00
8	7_81	67948	51975	14,979	958,88			202,00>73,00
9	3_90	69858	54262	14,979	951,12			202,00>73,00
10	1_95	68467	52226	14,979	891,07			202,00>73,00
11	0_97	64071	48655	14,979	820,77			202,00>73,00
12	0_48	59580	47343	14,979	857,40			202,00>73,00

ID#	160
Name	L-Tyrosine, 13C
	Data Filename	Area	Height	Found RT	Noise	%RSD (Area)	Conc. (ppm)	m/z
1	1000	145937	128939	15,246	257,72			305,00>73,00
2	500	130726	124891	15,243	344,67			305,00>73,00
3	250	120051	113302	15,239	341,87			305,00>73,00
4	125	108681	99026	15,238	262,53			305,00>73,00
5	62_5	94676	83367	15,239	339,50			305,00>73,00
6	31_25	90756	86555	15,238	317,81			305,00>73,00
7	15_62	91929	84206	15,238	76,10			305,00>73,00
8	7_81	82186	73814	15,238	126,03			305,00>73,00
9	3_90	85088	73488	15,237	119,53			305,00>73,00
10	1_95	86291	76758	15,237	159,39			305,00>73,00
11	0_97	87184	76411	15,237	234,47			305,00>73,00
12	0_48	89335	73474	15,235	190,68			305,00>73,00

ID#	161
Name	L-Tyrosine
	Data Filename	Area	Height	Found RT	Noise	%RSD (Area)	Conc. (ppm)	m/z
1	1000	3786382	3595587	15,247	5186,69			302,00>73,00
2	500	2184891	2167166	15,244	4484,12			302,00>73,00
3	250	1099353	1016184	15,241	3236,19			302,00>73,00
4	125	531335	481472	15,240	1531,11			302,00>73,00
5	62_5	243762	207043	15,241	964,98			302,00>73,00
6	31_25	121796	114980	15,239	481,32			302,00>73,00
7	15_62	63449	56870	15,239	243,79			302,00>73,00
8	7_81	31448	27224	15,239	217,86			302,00>73,00
9	3_90	17294	14062	15,239	186,68			302,00>73,00
10	1_95	9404	8471	15,238	218,38			302,00>73,00
11	0_97	5459	4401	15,238	181,97			302,00>73,00
12	0_48	3188	2381	15,238	184,06			302,00>73,00
